0 65536
0 131072
0 196608
0 262144
0 65536
0 327680
0 65536
0 196608
0 262144
0 327680
0 720896
0 786432
0 851968
0 917504
0 720896
0 983040
0 720896
0 851968
0 917504
0 983040
0 1376256
0 1441792
0 1507328
0 1572864
0 1376256
0 1638400
0 1376256
0 1507328
0 1572864
0 1638400
0 2031616
0 2097152
0 2162688
0 2228224
0 2031616
0 2293760
0 2031616
0 2162688
0 2228224
0 2293760
0 2686976
0 2752512
0 2818048
0 2883584
0 2686976
0 2949120
0 2686976
0 2818048
0 2883584
0 2949120
0 3342336
0 3407872
0 3473408
0 3538944
0 3342336
0 3604480
0 3342336
0 3473408
0 3538944
0 3604480
0 3997696
0 4063232
0 4128768
0 4194304
0 3997696
0 4259840
0 3997696
0 4128768
0 4194304
0 4259840
0 4653056
0 4718592
0 4784128
0 4849664
0 4653056
0 4915200
0 4653056
0 4784128
0 4849664
0 4915200
0 5308416
0 5373952
0 5439488
0 5505024
0 5308416
0 5570560
0 5308416
0 5439488
0 5505024
0 5570560
0 5963776
0 6029312
0 6094848
0 6160384
0 5963776
0 6225920
0 5963776
0 6094848
0 6160384
0 6225920
0 6619136
0 6684672
0 6750208
0 6815744
0 6619136
0 6881280
0 6619136
0 6750208
0 6815744
0 6881280
